5	0.679	0.645	0.349
4	0.229	-0.638	0.735
3	0.696	-0.417	-0.584
5	-0.652	0.750	-0.114
4	0.972	0.190	-0.142
5	0.329	0.146	-0.933
2	-0.032	-0.864	-0.503
5	0.217	0.888	-0.404
4	0.065	-0.677	-0.733
3	-0.645	0.008	-0.764
5	-0.963	0.075	0.260
4	0.358	0.932	-0.049
5	0.453	0.054	0.890
5	0.242	-0.755	-0.610
3	0.465	0.828	-0.312
4	0.780	-0.622	-0.071
5	0.877	-0.174	0.448
1	0.650	0.367	-0.665
5	-0.736	-0.526	0.427
4	-0.619	-0.202	-0.759
5	-0.339	0.627	-0.702
3	0.432	-0.871	0.233
4	0.506	0.109	-0.856
5	-0.105	-0.968	-0.229
2	0.110	0.485	-0.868
5	0.597	-0.329	-0.731
4	-0.263	0.965	-0.022
5	-0.240	-0.517	-0.822
3	0.277	0.725	0.631
4	-0.084	0.018	-0.996
5	-0.949	-0.289	-0.126
5	-0.175	-0.584	0.793
4	-0.786	-0.566	-0.250
3	-0.205	-0.265	0.942
5	-0.723	0.618	0.308
2	-0.985	0.137	-0.111
5	-0.218	0.956	-0.194
4	0.816	-0.353	0.459
5	-0.047	0.189	0.981
4	0.508	0.635	-0.582
3	0.995	0.099	0.015
5	0.582	0.812	-0.050
5	-0.623	0.328	-0.710
4	-0.603	0.492	0.628
5	0.756	0.120	-0.643
3	0.257	-0.897	-0.360
4	0.352	0.797	0.491
5	0.727	0.307	0.614
2	0.726	0.668	-0.163
5	-0.919	0.388	-0.064
4	0.875	-0.104	-0.472
5	0.329	-0.915	-0.234
3	0.777	0.305	-0.550
4	0.008	0.886	-0.463
5	-0.127	0.283	-0.951
5	-0.279	-0.797	-0.535
4	-0.497	0.259	-0.828
3	0.424	-0.529	0.735
5	0.510	0.511	-0.692
4	0.952	0.061	0.302
5	-0.271	0.459	0.846
2	0.534	-0.767	0.354
5	0.616	-0.650	0.445
4	-0.369	0.837	0.405
3	0.761	0.519	0.390
5	0.919	0.341	-0.198
4	0.223	-0.278	-0.934
5	0.225	0.971	-0.085
5	0.828	-0.317	-0.463
3	0.081	-0.344	-0.935
4	0.758	0.598	-0.259
5	0.105	-0.818	0.565
1	0.487	0.455	0.745
5	0.902	0.143	0.407
4	-0.595	0.732	-0.332
5	-0.508	-0.549	-0.663
2	0.472	-0.260	-0.843
3	0.863	-0.494	0.105
4	-0.201	-0.431	0.879
5	0.511	-0.063	-0.858
5	0.507	-0.716	-0.479
4	0.339	0.471	0.814
5	-0.793	-0.609	-0.004
3	-0.086	-0.781	0.619
4	-0.962	0.265	0.066
5	0.197	0.011	0.980
5	0.995	-0.076	0.072
4	0.036	0.964	0.263
3	0.289	0.946	0.144
5	-0.481	-0.757	0.443
2	0.491	0.224	0.842
5	0.406	-0.840	0.360
4	-0.749	-0.269	0.606
5	-0.029	-0.716	-0.698
4	0.698	0.464	0.545
3	0.595	-0.047	-0.802
5	-0.703	0.040	-0.710
5	0.430	0.873	0.231
4	0.336	0.861	-0.382
5	-0.092	0.528	-0.844
3	0.903	-0.091	0.421
4	0.551	-0.555	0.623
5	-0.817	0.492	-0.301
2	-0.071	-0.979	0.191
5	0.889	0.155	-0.431
4	-0.777	0.503	0.377
5	0.132	-0.989	-0.070
3	-0.274	-0.108	-0.956
4	-0.113	-0.300	-0.947
5	0.523	0.277	-0.806
5	0.583	-0.800	-0.140
4	-0.600	-0.791	-0.118
3	-0.825	-0.554	0.111
5	0.305	0.291	0.907
4	-0.126	0.366	-0.922
5	0.895	-0.398	-0.200
2	0.868	0.029	-0.496
5	-0.393	0.318	-0.863
4	-0.538	0.842	0.047
3	-0.642	0.726	0.246
5	-0.837	-0.441	-0.325
4	-0.592	0.197	0.781
5	-0.297	0.198	0.934
5	0.060	-0.894	-0.445
3	-0.036	0.983	-0.182
4	0.805	-0.025	0.593
5	-0.224	-0.753	0.619
1	-0.739	0.647	-0.188
5	-0.499	0.547	0.672
4	0.271	-0.889	0.368
5	-0.672	-0.697	0.249
3	0.255	-0.639	-0.725
4	-0.913	-0.406	-0.024
5	0.130	0.300	-0.945
2	0.599	-0.720	-0.351
5	-0.744	0.402	-0.534
4	0.341	-0.622	-0.705
5	0.008	0.961	-0.276
3	0.934	-0.163	-0.317
4	0.183	0.683	-0.707
5	0.788	-0.124	-0.604
5	-0.551	-0.298	-0.780
4	0.924	-0.325	0.202
3	0.405	0.548	-0.731
5	-0.990	-0.121	0.073
2	0.814	0.376	0.444
5	-0.013	0.482	0.876
4	0.082	0.838	0.539
5	-0.493	-0.748	-0.445
4	-0.227	-0.085	0.970
3	-0.571	-0.408	-0.712
5	0.437	-0.896	0.071
5	-0.717	-0.366	0.593
4	0.063	0.995	-0.075
5	0.806	-0.592	-0.010
3	0.690	-0.539	0.484
4	-0.872	-0.316	0.374
5	0.414	0.889	-0.194
2	-0.480	0.382	-0.789
5	0.957	-0.059	0.285
4	0.402	0.019	0.915
5	0.062	0.060	-0.996
3	-0.206	0.301	-0.931
4	0.870	0.290	0.400
5	-0.351	0.756	-0.552
5	0.691	-0.499	-0.523
4	0.510	0.405	-0.758
3	0.589	0.781	0.207
5	0.665	0.730	0.159
4	-0.595	0.742	0.309
5	-0.526	0.137	-0.839
2	-0.024	-0.400	-0.916
5	0.167	0.898	0.407
4	0.480	0.626	0.615
3	0.293	-0.092	-0.952
5	-0.330	-0.435	0.838
4	-0.580	-0.789	0.202
5	0.806	0.088	0.585
5	-0.309	0.849	0.429
3	0.244	-0.812	0.529
4	0.781	-0.579	0.235
5	0.027	-0.700	0.713
1	-0.107	-0.992	-0.068
5	-0.833	-0.514	0.204
4	0.976	-0.059	-0.212
5	0.971	-0.213	-0.107
2	0.575	0.544	-0.611
3	-0.057	-0.911	-0.408
4	0.102	-0.478	-0.873
5	-0.166	0.617	0.769
5	0.529	-0.526	0.665
4	0.321	0.916	0.240
5	0.677	0.513	0.528
3	0.933	0.218	-0.285
4	-0.682	0.252	-0.686
5	-0.660	0.030	0.751
5	0.047	0.999	-0.013
4	-0.742	0.021	0.671
3	-0.915	-0.230	-0.333
5	-0.129	-0.255	-0.958
2	0.490	0.811	0.319
5	0.911	-0.309	0.272
4	-0.302	0.767	-0.567
5	0.427	0.672	-0.604
4	0.215	-0.946	-0.242
3	0.842	-0.484	-0.237
5	-0.296	-0.657	-0.693
5	-0.578	0.768	-0.276
4	0.009	-0.575	0.819
5	0.882	0.461	0.096
3	-0.206	-0.470	-0.859
4	0.997	0.014	0.084
5	-0.435	0.319	0.842
2	-0.858	0.513	0.036
5	0.359	0.931	0.064
4	0.430	-0.387	-0.816
5	0.898	-0.060	-0.436
3	0.629	0.617	-0.472
4	0.384	0.246	0.890
5	-0.275	0.462	-0.844
5	0.159	-0.903	0.399
4	-0.694	-0.528	0.490
3	0.368	-0.928	-0.066
5	-0.523	0.796	0.304
4	0.599	0.712	0.367
5	0.305	-0.135	0.943
2	0.024	-0.805	0.593
5	0.844	0.345	-0.410
4	0.462	-0.869	0.178
3	-0.015	-0.527	0.850
5	0.970	0.133	0.206
4	0.887	-0.321	-0.331
5	0.252	-0.020	-0.967
5	-0.122	0.957	0.264
3	-0.734	0.271	-0.623
4	0.276	-0.206	0.939
5	-0.635	-0.132	-0.761
1	-0.436	0.488	0.756
5	0.808	-0.559	-0.185
4	-0.144	-0.949	0.280
5	0.081	0.856	-0.511
3	-0.478	0.414	0.774
4	-0.184	-0.651	-0.737
5	-0.774	0.198	-0.602
2	-0.015	0.084	-0.997
5	0.606	0.599	-0.523
4	0.765	0.643	-0.019
5	0.415	0.440	0.796
3	0.255	0.950	-0.181
4	-0.384	0.081	0.920
5	-0.375	0.651	0.660
5	0.742	-0.627	0.237
4	0.909	-0.153	0.388
3	0.973	-0.220	0.078
5	-0.574	-0.131	0.809
2	-0.956	-0.291	0.039
5	0.346	0.864	0.366
4	0.174	-0.829	-0.531
5	-0.059	-0.448	0.892
4	-0.385	0.474	-0.792
3	-0.582	-0.248	0.774
5	0.959	0.133	-0.251
5	-0.316	0.949	0.027
4	0.751	-0.308	-0.584
5	-0.831	-0.322	-0.454
3	-0.524	-0.684	-0.507
4	-0.315	-0.759	0.570
5	0.135	-0.345	-0.929
2	-0.272	0.953	0.138
5	-0.532	-0.802	0.271
4	-0.767	-0.213	-0.605
5	-0.721	0.320	0.615
3	-0.674	0.719	-0.172
4	-0.074	-0.229	0.971
5	0.049	0.814	0.579
5	0.497	-0.667	0.555
4	-0.886	0.464	0.009
3	-0.013	-0.006	-1.000
5	-0.781	-0.594	-0.196
4	-0.127	0.969	-0.211
5	-0.912	0.262	0.316
2	0.817	-0.139	0.560
5	-0.211	-0.944	0.252
4	0.511	-0.677	-0.530
3	-0.447	0.729	0.518
5	-0.092	0.126	-0.988
4	0.938	0.294	0.186
5	-0.696	0.715	0.074
5	-0.332	-0.591	0.735
3	-0.647	-0.759	0.074
4	-0.877	-0.119	0.466
5	0.965	-0.224	0.138
1	-0.212	0.542	-0.813
5	0.090	0.590	0.802
4	0.686	-0.570	0.451
5	-0.532	-0.840	-0.110
2	-0.483	-0.178	0.857
3	0.456	-0.182	0.871
4	-0.372	-0.299	0.879
5	-0.193	0.689	-0.699
